../../../../.git/annex/objects/Z0/4j/MD5E-s9634--e8f070bf59eef02102e9c3cd9d36d8ee.csv/MD5E-s9634--e8f070bf59eef02102e9c3cd9d36d8ee.csv