../../../../.git/annex/objects/8J/2q/MD5E-s25697--1374717194ce6090aab24a91981b1e1e.csv/MD5E-s25697--1374717194ce6090aab24a91981b1e1e.csv